password,description
1234567,megapasswrd
1234567,megapasswrd
1234567,megapasswrd
1234567,megapasswrd